{
  "type": "extrinsic_calibration",
  "date": "2021_09_27",
  "method": "manual",
  "calibrations": [
     {
      "to_frame": "lidar_v",
      "from_frame": "lidar_h",
      "transform": [0.00000,   0.00000,   1.00000,   0.12500,
                    0.00000,   1.00000,   0.00000,  -0.19000,
                   -1.00000,   0.00000,   0.00000,  -0.34500,
                    0.00000,   0.00000,   0.00000,   1.00000]
      },
      {
      "to_frame": "F1_link",
      "from_frame": "lidar_h",
      "transform": [0.002348019393104,  -0.999856761222832,   0.016761379475396, -0.002368714880683,
                   -0.041018552478323,  -0.016843618027141,  -0.999016401709371, -0.0253357,
                    0.999155626095111,   0.001658182361621,  -0.041052226172803, -0.1522565,
                    0.0,                 0.0,                 0.0,                1.0]
      },
      {
        "to_frame": "F2_link",
        "from_frame": "F1_link",
        "transform": [ -1.0000000,  0.0000000,  0.0000000,   0.168,
                        0.0000000,  1.0000000,  0.0000000,  0.000,
                        0.0000000,  0.0000000, -1.0000000,  -0.073,
                        0.0,        0.0,        0.0,        1.0]
      },
      {
      "to_frame": "F3_link",
      "from_frame": "F1_link",
      "transform": [0.9999489453948741,     0.0013545103193783514,   0.010013586044444687,  0.07481522094947002,
                   -0.0013183596257652943,  0.9999925936263895,     -0.003615884436701587, -0.0006773619589652362,
                   -0.010018409632868474,   0.0036024983215993756,   0.999943325131113,     0.021833754713878915,
                    0.0,                    0.0,                     0.0,                   1.0]
      },
      {
      "to_frame": "imu_link",
      "from_frame": "F1_link",
      "transform":  	[ 0.010091171314996539,  -0.999948190497144,    0.00133588284767594,  -0.0003258071102796974,
                        0.005955332991167572,   0.001396026469382361, 0.999981292384545,    -0.013182532289773898,
                       -0.9999313487787347,    -0.010083026906048953, 0.005969111990588749, -0.18640155622401208,
                        0.0,                    0.0,                  0.0,                   1.0]
      },
      {
      "to_frame": "lidar_v",
      "from_frame": "F4_link",
      "transform": [0.00000,   0.00000,   1.00000,  0.00000,
                    1.00000,   0.00000,   0.00000,  0.02000,
                    0.00000,   1.00000,   0.00000, -0.09000,
                    0.00000,   0.00000,   0.00000,  1.00000]
      },
      {
      "to_frame": "F4_link",
      "from_frame": "thermal_link",
      "transform": [1.00000,   0.00000,   0.00000,   0.05300,
                    0.00000,   1.00000,   0.00000,   0.02100,
                    0.00000,   0.00000,   1.00000,  -0.00800,
                    0.00000,   0.00000,   0.00000,   1.00000]
      }
  ]
}