{
  "type": "extrinsic_calibration",
  "date": "2021_09_27",
  "method": "manual",
  "calibrations": [
    {
      "to_frame": "lidar_h_link",
      "from_frame": "vicon/SDICIG2/SDICIG2",
      "transform": [0.9981910, -0.01381970, -0.0585107, 0.00749435,
                    0.0132240,  0.99985700, -0.0105562, 0.00624924,
                    0.0586482,  0.00976332,  0.9982310, 0.01647740,      
                    0.0000000,  0.00000000,  0.0000000, 1.00000000]
     },
     {
      "to_frame": "lidar_v_link",
      "from_frame": "lidar_h_link",
      "transform": [-0.0222004, -0.0305230,   0.9992880,   0.167238,
                    -0.0154115,  0.9994260,   0.0301848,  -0.172673,
                    -0.9996340, -0.0147304,  -0.0226580,  -0.317433,
                     0.0000000,  0.0000000,   0.0000000,   1.000000]
      },
      {
      "to_frame": "F1_link",
      "from_frame": "lidar_h_link",
      "transform": [0.002348019393104,  -0.999856761222832,   0.016761379475396, -0.002368714880683,
                   -0.041018552478323,  -0.016843618027141,  -0.999016401709371, -0.0253357,
                    0.999155626095111,   0.001658182361621,  -0.041052226172803, -0.1522565,
                    0.0,                 0.0,                 0.0,                1.0]
      },
      {
        "to_frame": "F2_link",
        "from_frame": "F1_link",
        "transform": [ -1.0000000,  0.0000000,  0.0000000,   0.168,
                        0.0000000,  1.0000000,  0.0000000,  0.000,
                        0.0000000,  0.0000000, -1.0000000,  -0.073,
                        0.0,        0.0,        0.0,        1.0]
      },
      {
      "to_frame": "F3_link",
      "from_frame": "F1_link",
      "transform": [0.9999489453948741,     0.0013545103193783514,   0.010013586044444687,  0.07481522094947002,
                   -0.0013183596257652943,  0.9999925936263895,     -0.003615884436701587, -0.0006773619589652362,
                   -0.010018409632868474,   0.0036024983215993756,   0.999943325131113,     0.021833754713878915,
                    0.0,                    0.0,                     0.0,                   1.0]
      },
      {
        "to_frame": "imu_link",
        "from_frame": "F1_link",
        "transform": [ 0.0100911713149964834,	    0.00595533299116755,	   -0.99993134877873082137,	   -0.1863069653847129277,
	                    -0.99994819049714009048,	  0.0013960264693824028	,  -0.010083026906048929779,	 -0.002186878973101379161,
	                     0.0013358828476758878748,	0.99998129238454121897, 	0.0059691119905887303179,	  0.014295372680480471319,
	                     0.00000,                   0.00000,                  0.00000,                    1.00000]

      },
      {
      "to_frame": "lidar_v_link",
      "from_frame": "F4_link",
      "transform": [0.00000,   0.00000,   1.00000,  0.00000,
                    1.00000,   0.00000,   0.00000,  0.02000,
                    0.00000,   1.00000,   0.00000, -0.09000,
                    0.00000,   0.00000,   0.00000,  1.00000]
      },
      {
      "to_frame": "F4_link",
      "from_frame": "thermal_link",
      "transform": [1.00000,   0.00000,   0.00000,   0.05300,
                    0.00000,   1.00000,   0.00000,   0.02100,
                    0.00000,   0.00000,   1.00000,  -0.00800,
                    0.00000,   0.00000,   0.00000,   1.00000]
      }
  ]
}