{
  "type": "extrinsic_calibration",
  "date": "2021_09_27",
  "method": "manual",
  "calibrations": [
      {
      "to_frame": "lidar_h_link",
      "from_frame": "F1_link",
      "transform": [0.00234801939310305235,	 -0.041018552478323425,	   0.9991556260951103964,    0.15109426663300169275,
                    -0.99985676122283209596, -0.016843618027140858005, 0.0016581823616219614574, -0.0025426513993679700107,
                    0.016761379475396175449, -0.99901640170937048897,	 -0.041052226172802545867, -0.031521545194083263186,
                    0.00000,                  0.00000,	               0.00000,	                  1.00000]
      },
      {
        "to_frame": "imu_link",
        "from_frame": "F1_link",
        "transform": [ 0.0100911713149964834,	    0.00595533299116755,	   -0.99993134877873082137,	   -0.1863069653847129277,
	                    -0.99994819049714009048,	  0.0013960264693824028	,  -0.010083026906048929779,	 -0.002186878973101379161,
	                     0.0013358828476758878748,	0.99998129238454121897, 	0.0059691119905887303179,	  0.014295372680480471319,
	                     0.00000,                   0.00000,                  0.00000,                    1.00000]

      },
      {
      "to_frame": "F3_link",
      "from_frame": "F1_link",
      "transform": [0.9999489453948741,     0.0013545103193783514,   0.010013586044444687,  0.07481522094947002,
                   -0.0013183596257652943,  0.9999925936263895,     -0.003615884436701587, -0.0006773619589652362,
                   -0.010018409632868474,   0.0036024983215993756,   0.999943325131113,     0.021833754713878915,
                    0.0,                    0.0,                     0.0,                   1.0]
      },
      {
        "to_frame": "F2_link",
        "from_frame": "F1_link",
        "transform": [ -1.0000000,  0.0000000,  0.0000000,   0.168,
                        0.0000000,  1.0000000,  0.0000000,  0.000,
                        0.0000000,  0.0000000, -1.0000000,  -0.073,
                        0.0,        0.0,        0.0,        1.0]
      },
      {
        "to_frame": "vicon/SDICIG2/SDICIG2",
        "from_frame": "lidar_h_link",
        "transform": [ 0.998191,    0.013224,   0.0586482,  -0.00852981,
                      -0.0138197,   0.999857,   0.00976332, -0.00630565,
                      -0.0585107,  -0.0105562,  0.998231,   -0.0159438,
                       0,           0,          0,           1]
      },
      {
        "to_frame": "vicon/SDICIG2/SDICIG2",
        "from_frame": "lidar_v_link",
        "transform": [ 0.0360426, -0.000396898, -0.99935,     -0.331853,
                      -0.0204554,  0.99979,     -0.00113482,   0.169392,
                       0.999141,   0.020483,     0.0360269,   -0.168065,
                       0,          0,            0,            1]
      }
  ]
}

