{
    "type": "extrinsic_calibration",
    "date": "2021_07_06",
    "method": "kalibr",
    "calibrations": [
          {
          "to_frame": "camera0",
          "from_frame": "imu",
          "transform": [ 0.9999939502115871000,  0.0030115382751228314, 0.0017407404872137112,  0.005856600714844551,
                        -0.0030140392894640352,  0.9999944268351256000, 0.0014359198622239905,  0.017379823476871097,
                        -0.0017364064581548752, -0.0014411578354338686, 0.9999974539751119000, -0.015955663353945555,
                         0.0000000000000000000,  0.0000000000000000000, 0.0000000000000000000,  1.000000000000000000]
          },
          {
          "to_frame": "camera1",
          "from_frame": "imu",
          "transform": [ 0.9999898605072938000,  0.0030297118067964070, 0.0033316255748877424, -0.044212059434622974,
                        -0.0030344973619306460,  0.9999943701741709000, 0.0014322868860543432,  0.017394287882335553,
                        -0.0033272674019266288, -0.0014423821724098462, 0.9999934243910332000, -0.015801835581461726,
                         0.0000000000000000000,  0.0000000000000000000, 0.0000000000000000000,  1.000000000000000000]
          },
          {
          "to_frame": "camera0",
          "from_frame": "imu_ouster",
          "transform": [0.70992162838607680, -0.704141666246933300,  0.013992691115502887,  0.015627525086609025,
                        0.02460002682200807,  0.004936229792296243, -0.999685186604160200, -0.019816480432810470,
                        0.70385092187907100,  0.710042356124217600,  0.020826240168402843, -0.075441430050032690,
                        0.00000000000000000,  0.000000000000000000,  0.000000000000000000,  1.000000000000000000]
          },
          {
          "to_frame": "ouster",
          "from_frame": "imu_ouster",
          "transform": [0.00000,  -1.00000,   0.00000,  -0.006253,
                        1.00000,   0.00000,   0.00000,   0.011775,
                        0.00000,   0.00000,   1.00000,   0.028535,
                        0.00000,   0.00000,   0.00000,   1.00000]
          }
    ]
  }
  