{
  "type": "extrinsic_calibration",
  "date": "2021_09_27",
  "method": "manual",
  "calibrations": [
     {
      "to_frame": "imu0",
      "from_frame": "cam0",
      "transform": [ 0.0048498,  0.0015618,  0.9999870, 0.04766175364397985,
                     0.9999414,  0.0096676, -0.0048647, 0.046502558805058776,
                    -0.0096751,  0.9999520, -0.0015148, -0.01453842979973719,
                     0.00000000,   0.0000000,   0.00000000,   1.00000000]
      },
      {
      "to_frame": "imu0",
      "from_frame": "cam1",
      "transform": [ -0.0002067,  0.0000799,  1.0000000, 0.04699211366483027,
                      0.9999876,  0.0049693,  0.0002063, -0.061672189284145286,
                     -0.0049693,  0.9999877, -0.0000809, -0.014513663558417874,
                      0.00000000,   0.0000000,   0.00000000,   1.00000000]
      },
      {
        "to_frame": "imu0",
        "from_frame": "lidar0",
        "transform": [ 0.0066096, -0.9999762,  0.0019652, -0.00695046499029016,
                      -0.9999774, -0.0066121, -0.0012448, -0.006713481609220226,
                       0.0012578, -0.0019570, -0.9999973, 0.04989346097032105,
                       0.00000000,   0.0000000,   0.00000000,   1.00000000]
      }
  ]
}