1403715271705179810, 0.973133, -0.226206, 0.0429177, 0.786802, 0.225364, 0.973989, 0.0236086, 2.17663, -0.0471417, -0.0133022, 0.9988, 1.06204, 0, 0, 0, 1
1403715271715232362, 0.972938, -0.227227, 0.0419364, 0.786655, 0.226413, 0.973753, 0.0232892, 2.17696, -0.0461277, -0.013164, 0.998849, 1.06203, 0, 0, 0, 1
1403715271725265747, 0.973284, -0.225679, 0.0422729, 0.786642, 0.224876, 0.974117, 0.0229435, 2.1767, -0.0463566, -0.0128243, 0.998843, 1.06194, 0, 0, 0, 1
1403715271735318659, 0.972956, -0.22724, 0.0414517, 0.786606, 0.226443, 0.973751, 0.0230656, 2.17692, -0.0456051, -0.0130553, 0.998874, 1.06202, 0, 0, 0, 1
1403715271745246207, 0.973286, -0.22571, 0.0420627, 0.786642, 0.224916, 0.974112, 0.0227877, 2.17669, -0.0461172, -0.0127184, 0.998855, 1.06193, 0, 0, 0, 1
1403715271755243103, 0.973256, -0.225813, 0.0422012, 0.78668, 0.224992, 0.974081, 0.0233434, 2.17678, -0.0463787, -0.0132242, 0.998836, 1.06199, 0, 0, 0, 1
1403715271765361116, 0.973288, -0.225659, 0.042288, 0.786656, 0.224863, 0.974124, 0.0227794, 2.17673, -0.0463341, -0.012662, 0.998846, 1.06197, 0, 0, 0, 1
1403715271775210871, 0.973244, -0.225848, 0.0423035, 0.786638, 0.225039, 0.974077, 0.0230668, 2.17672, -0.0464165, -0.0129297, 0.998838, 1.06193, 0, 0, 0, 1
1403715271785189432, 0.973246, -0.225824, 0.0423827, 0.786696, 0.225006, 0.97408, 0.0232425, 2.17679, -0.0465329, -0.0130843, 0.998831, 1.06199, 0, 0, 0, 1
1403715271795222000, 0.972988, -0.227057, 0.0417061, 0.786653, 0.226272, 0.973799, 0.0227424, 2.17692, -0.0457772, -0.0126912, 0.998871, 1.06202, 0, 0, 0, 1
1403715271805470189, 0.972958, -0.227135, 0.0419895, 0.786675, 0.226278, 0.973762, 0.0242129, 2.17703, -0.0463874, -0.0140568, 0.998825, 1.06217, 0, 0, 0, 1
1403715271818269826, 0.97331, -0.225571, 0.0422551, 0.786706, 0.224732, 0.974132, 0.0237211, 2.17679, -0.0465128, -0.0135919, 0.998825, 1.06199, 0, 0, 0, 1
1403715271825357448, 0.973339, -0.225398, 0.04251, 0.786729, 0.224588, 0.974182, 0.023007, 2.17674, -0.0465982, -0.0128464, 0.998831, 1.06198, 0, 0, 0, 1
1403715271835211702, 0.972891, -0.227442, 0.0418612, 0.786652, 0.226637, 0.973705, 0.0231189, 2.17683, -0.0460186, -0.0130049, 0.998856, 1.06203, 0, 0, 0, 1
1403715271845194456, 0.973337, -0.225424, 0.0424145, 0.786676, 0.224613, 0.974175, 0.0230584, 2.1767, -0.046517, -0.0129167, 0.998834, 1.06199, 0, 0, 0, 1
1403715271855236858, 0.972934, -0.227248, 0.0419298, 0.786656, 0.226433, 0.973748, 0.0233166, 2.17696, -0.0461277, -0.0131912, 0.998848, 1.06203, 0, 0, 0, 1
1403715271865565695, 0.973251, -0.225797, 0.0424074, 0.786726, 0.224978, 0.974087, 0.0232471, 2.17672, -0.0465576, -0.0130846, 0.99883, 1.06193, 0, 0, 0, 1
1403715271875287207, 0.973053, -0.226814, 0.0415069, 0.786603, 0.225982, 0.973841, 0.0238035, 2.177, -0.0458201, -0.0137823, 0.998855, 1.06209, 0, 0, 0, 1
1403715271885234573, 0.973252, -0.225786, 0.0424396, 0.78666, 0.224964, 0.974088, 0.0233026, 2.17671, -0.0466013, -0.013132, 0.998827, 1.06194, 0, 0, 0, 1
1403715271895413950, 0.972976, -0.227122, 0.0416223, 0.786641, 0.226352, 0.973787, 0.0224418, 2.17685, -0.0456283, -0.012414, 0.998881, 1.06199, 0, 0, 0, 1
1403715271905290157, 0.973068, -0.226729, 0.0416168, 0.786596, 0.225902, 0.973862, 0.0236733, 2.17694, -0.0458965, -0.0136345, 0.998853, 1.06207, 0, 0, 0, 1
1403715271915201491, 0.973233, -0.225875, 0.042395, 0.786697, 0.225078, 0.974075, 0.0227664, 2.17673, -0.0464383, -0.0126148, 0.998842, 1.06193, 0, 0, 0, 1
1403715271925342355, 0.973285, -0.225648, 0.0424186, 0.786704, 0.224814, 0.974117, 0.023566, 2.17679, -0.0466383, -0.0134002, 0.998822, 1.06197, 0, 0, 0, 1
1403715271935348607, 0.972896, -0.227398, 0.0420035, 0.78661, 0.226644, 0.97373, 0.0219716, 2.17671, -0.0458964, -0.0118562, 0.998876, 1.06199, 0, 0, 0, 1
1403715271945254497, 0.97319, -0.22604, 0.0425017, 0.786685, 0.225268, 0.974044, 0.0222081, 2.17653, -0.0464184, -0.0120385, 0.99885, 1.06191, 0, 0, 0, 1
1403715271955436859, 0.9732, -0.226008, 0.0424463, 0.786733, 0.225231, 0.974049, 0.0223384, 2.17659, -0.0463935, -0.0121795, 0.998849, 1.0619, 0, 0, 0, 1
1403715271965372469, 0.973285, -0.22566, 0.0423585, 0.786686, 0.224845, 0.974119, 0.0231742, 2.17677, -0.0464917, -0.013031, 0.998834, 1.062, 0, 0, 0, 1
1403715271975248606, 0.973232, -0.225834, 0.042632, 0.786704, 0.225051, 0.974089, 0.022419, 2.17657, -0.0465904, -0.0122245, 0.998839, 1.06191, 0, 0, 0, 1
1403715271985295386, 0.973268, -0.225736, 0.0423304, 0.786668, 0.224928, 0.974103, 0.023027, 2.17673, -0.0464322, -0.0128902, 0.998838, 1.06193, 0, 0, 0, 1
1403715271995326751, 0.973227, -0.22593, 0.0422417, 0.786672, 0.225118, 0.974057, 0.0231371, 2.17678, -0.0463732, -0.0130083, 0.998839, 1.06196, 0, 0, 0, 1
1403715272005246371, 0.973177, -0.226081, 0.0425841, 0.786733, 0.225282, 0.974027, 0.0227751, 2.17665, -0.0466271, -0.0125708, 0.998833, 1.06196, 0, 0, 0, 1
1403715272015251313, 0.97326, -0.225777, 0.0423132, 0.786726, 0.224966, 0.974093, 0.0230884, 2.17675, -0.0464298, -0.0129519, 0.998838, 1.06196, 0, 0, 0, 1
1403715272025423046, 0.973298, -0.225585, 0.0424653, 0.786641, 0.224782, 0.97414, 0.0228789, 2.17674, -0.0465283, -0.0127225, 0.998836, 1.06198, 0, 0, 0, 1
1403715272035722445, 0.97326, -0.225738, 0.0425057, 0.78672, 0.224936, 0.974106, 0.0228534, 2.17673, -0.0465639, -0.0126813, 0.998835, 1.06193, 0, 0, 0, 1
1403715272045254755, 0.973003, -0.22699, 0.0417143, 0.786592, 0.226187, 0.97381, 0.0231163, 2.17691, -0.045869, -0.013057, 0.998862, 1.06202, 0, 0, 0, 1
1403715272055244115, 0.973304, -0.225608, 0.0421963, 0.78668, 0.224831, 0.97414, 0.0224016, 2.17669, -0.0461591, -0.0123165, 0.998858, 1.06195, 0, 0, 0, 1
1403715272065133963, 0.973286, -0.22564, 0.0424362, 0.786669, 0.224844, 0.974129, 0.0227402, 2.17669, -0.0464695, -0.0125912, 0.99884, 1.06192, 0, 0, 0, 1
1403715272075245343, 0.973364, -0.225327, 0.0423072, 0.786666, 0.224501, 0.974192, 0.0234219, 2.17676, -0.046493, -0.0133, 0.99883, 1.062, 0, 0, 0, 1
1403715272085216841, 0.97333, -0.225445, 0.0424576, 0.786639, 0.224667, 0.97418, 0.0223341, 2.17667, -0.0463964, -0.0121996, 0.998849, 1.06195, 0, 0, 0, 1
1403715272095327051, 0.973221, -0.225898, 0.0425635, 0.786717, 0.225097, 0.974069, 0.022823, 2.17664, -0.0466154, -0.0126309, 0.998833, 1.06193, 0, 0, 0, 1
1403715272105338097, 0.973254, -0.225835, 0.0421376, 0.786659, 0.225033, 0.974081, 0.0229409, 2.17673, -0.0462262, -0.0128449, 0.998848, 1.06196, 0, 0, 0, 1
1403715272115346576, 0.97325, -0.22582, 0.0423111, 0.786656, 0.225013, 0.974084, 0.0230148, 2.17674, -0.0464118, -0.0128786, 0.998839, 1.06198, 0, 0, 0, 1
1403715272125398884, 0.973278, -0.225696, 0.0423155, 0.786698, 0.224861, 0.974105, 0.0235938, 2.17679, -0.0465448, -0.0134482, 0.998826, 1.06201, 0, 0, 0, 1
1403715272135304278, 0.973291, -0.225567, 0.0427027, 0.786713, 0.22474, 0.97414, 0.0233235, 2.1768, -0.0468594, -0.0131035, 0.998816, 1.06198, 0, 0, 0, 1
1403715272145254136, 0.973312, -0.225556, 0.0422946, 0.786691, 0.224739, 0.974142, 0.0232369, 2.17679, -0.0464422, -0.0131115, 0.998835, 1.06198, 0, 0, 0, 1
1403715272155228699, 0.973341, -0.225369, 0.0426108, 0.78667, 0.22457, 0.974192, 0.022747, 2.17669, -0.0466376, -0.0125715, 0.998833, 1.06192, 0, 0, 0, 1
1403715272165373987, 0.972954, -0.227182, 0.0418274, 0.78662, 0.22634, 0.973754, 0.0239453, 2.17705, -0.0461696, -0.0138304, 0.998838, 1.06203, 0, 0, 0, 1
1403715272175259489, 0.973257, -0.225779, 0.0423704, 0.786697, 0.224955, 0.974089, 0.0233543, 2.17681, -0.0465454, -0.0131983, 0.998829, 1.06199, 0, 0, 0, 1
1403715272185313511, 0.973263, -0.225742, 0.0424302, 0.786709, 0.224939, 0.974104, 0.0228946, 2.17675, -0.0464997, -0.0127383, 0.998837, 1.06197, 0, 0, 0, 1
1403715272195333346, 0.97318, -0.226079, 0.042524, 0.786742, 0.22523, 0.974013, 0.0238644, 2.17677, -0.0468142, -0.0136467, 0.99881, 1.06203, 0, 0, 0, 1
1403715272205350275, 0.973304, -0.225577, 0.0423514, 0.786631, 0.224766, 0.974139, 0.0230886, 2.17667, -0.0464644, -0.0129531, 0.998836, 1.06196, 0, 0, 0, 1
1403715272215244704, 0.973134, -0.226306, 0.0423698, 0.786723, 0.22545, 0.973958, 0.0240523, 2.17668, -0.0467096, -0.0138538, 0.998812, 1.06209, 0, 0, 0, 1
1403715272225366630, 0.973293, -0.225594, 0.0425301, 0.786729, 0.224786, 0.974138, 0.0229606, 2.17677, -0.0466099, -0.0127872, 0.998831, 1.06199, 0, 0, 0, 1
1403715272235287804, 0.973264, -0.225775, 0.0422281, 0.786671, 0.224975, 0.974096, 0.0228909, 2.17673, -0.0463024, -0.0127786, 0.998846, 1.06195, 0, 0, 0, 1
1403715272245153486, 0.973308, -0.225589, 0.0421899, 0.786712, 0.22479, 0.974139, 0.0228822, 2.17674, -0.0462608, -0.0127876, 0.998848, 1.06196, 0, 0, 0, 1
1403715272255359620, 0.973278, -0.225714, 0.042222, 0.786635, 0.224886, 0.974102, 0.0235013, 2.17677, -0.0464331, -0.0133782, 0.998832, 1.06198, 0, 0, 0, 1
1403715272265302683, 0.973179, -0.226132, 0.042266, 0.786686, 0.225334, 0.974014, 0.02285, 2.17663, -0.0463348, -0.0127132, 0.998845, 1.06198, 0, 0, 0, 1
1403715272275344108, 0.973184, -0.226027, 0.0427082, 0.786725, 0.225185, 0.974029, 0.0236622, 2.17677, -0.0469473, -0.0134104, 0.998807, 1.062, 0, 0, 0, 1
1403715272285357564, 0.973272, -0.225724, 0.0423187, 0.786674, 0.224922, 0.974108, 0.0229, 2.17674, -0.046392, -0.0127696, 0.998842, 1.06198, 0, 0, 0, 1
1403715272295252507, 0.973228, -0.225874, 0.0425245, 0.786697, 0.22502, 0.974059, 0.0239664, 2.17681, -0.0468348, -0.0137559, 0.998808, 1.06205, 0, 0, 0, 1
1403715272305238643, 0.973253, -0.225797, 0.0423641, 0.786687, 0.224982, 0.974087, 0.0231826, 2.17675, -0.0465009, -0.0130313, 0.998833, 1.06192, 0, 0, 0, 1
1403715272315251874, 0.972963, -0.227175, 0.0416597, 0.786633, 0.226372, 0.973766, 0.0231376, 2.17693, -0.0458231, -0.0130814, 0.998864, 1.06203, 0, 0, 0, 1
1403715272325255555, 0.973274, -0.225718, 0.0422892, 0.786634, 0.224884, 0.9741, 0.0236043, 2.17674, -0.0465218, -0.0134633, 0.998827, 1.06196, 0, 0, 0, 1
1403715272335212938, 0.973214, -0.225885, 0.0427888, 0.786759, 0.225033, 0.974059, 0.023838, 2.17683, -0.0470635, -0.0135706, 0.9988, 1.06207, 0, 0, 0, 1
1403715272345323255, 0.973315, -0.225544, 0.0422737, 0.786669, 0.224751, 0.974151, 0.0227163, 2.17673, -0.0463045, -0.0126091, 0.998848, 1.06195, 0, 0, 0, 1
1403715272355210343, 0.973259, -0.225778, 0.0423117, 0.786661, 0.224949, 0.974088, 0.023482, 2.1768, -0.046517, -0.0133361, 0.998828, 1.06196, 0, 0, 0, 1
1403715272365369897, 0.973283, -0.225657, 0.0424126, 0.786686, 0.224884, 0.974131, 0.0222499, 2.17668, -0.0463363, -0.0121175, 0.998852, 1.06191, 0, 0, 0, 1
1403715272375232728, 0.973278, -0.225628, 0.0426818, 0.786706, 0.224815, 0.974129, 0.0230559, 2.17675, -0.0467796, -0.0128443, 0.998823, 1.06195, 0, 0, 0, 1
1403715272385390972, 0.973299, -0.225609, 0.0422988, 0.786728, 0.224803, 0.974133, 0.0229822, 2.17678, -0.0463897, -0.0128597, 0.998841, 1.062, 0, 0, 0, 1
1403715272395388271, 0.972975, -0.227126, 0.0416461, 0.786592, 0.226321, 0.973777, 0.0231748, 2.17696, -0.0458176, -0.0131231, 0.998864, 1.06206, 0, 0, 0, 1
1403715272405397908, 0.973301, -0.225621, 0.0421947, 0.786691, 0.22477, 0.974116, 0.0240056, 2.17678, -0.0465187, -0.0138806, 0.998821, 1.06202, 0, 0, 0, 1
1403715272415295760, 0.972989, -0.227044, 0.0417638, 0.786661, 0.226231, 0.973794, 0.0233239, 2.17698, -0.0459649, -0.0132456, 0.998855, 1.06204, 0, 0, 0, 1
1403715272425405111, 0.973287, -0.225605, 0.0426054, 0.786685, 0.224807, 0.974138, 0.0227552, 2.17672, -0.0466372, -0.0125694, 0.998833, 1.06192, 0, 0, 0, 1
1403715272435308372, 0.973269, -0.225727, 0.0423524, 0.786702, 0.224925, 0.974107, 0.0228993, 2.17675, -0.0464247, -0.0127611, 0.99884, 1.06193, 0, 0, 0, 1
1403715272445230624, 0.973322, -0.225479, 0.042474, 0.786699, 0.224686, 0.974168, 0.0226689, 2.17672, -0.0464881, -0.0125208, 0.99884, 1.06194, 0, 0, 0, 1
1403715272455263026, 0.97328, -0.225679, 0.0423608, 0.7867, 0.224838, 0.974107, 0.0237232, 2.17679, -0.0466178, -0.013565, 0.998821, 1.06198, 0, 0, 0, 1
1403715272465343299, 0.973224, -0.225935, 0.0422898, 0.78664, 0.225118, 0.974054, 0.0232349, 2.17679, -0.0464421, -0.0130925, 0.998835, 1.06197, 0, 0, 0, 1
1403715272475273937, 0.973241, -0.225759, 0.0428382, 0.786743, 0.224891, 0.974084, 0.0241543, 2.17683, -0.0471811, -0.013874, 0.99879, 1.06205, 0, 0, 0, 1
1403715272485356753, 0.973179, -0.226015, 0.0428828, 0.786798, 0.225175, 0.974033, 0.0235703, 2.17661, -0.0470965, -0.013282, 0.998802, 1.06199, 0, 0, 0, 1
1403715272495321204, 0.973261, -0.225762, 0.0423565, 0.786703, 0.224929, 0.97409, 0.0235712, 2.1768, -0.0465805, -0.0134137, 0.998824, 1.06198, 0, 0, 0, 1
1403715272505271693, 0.973, -0.22697, 0.0419065, 0.786611, 0.226165, 0.973815, 0.0231029, 2.17694, -0.0460528, -0.0130014, 0.998854, 1.06202, 0, 0, 0, 1
1403715272515211695, 0.973196, -0.226002, 0.0425626, 0.786731, 0.225211, 0.974048, 0.0226097, 2.17664, -0.0465679, -0.0124181, 0.998838, 1.06195, 0, 0, 0, 1
1403715272525400606, 0.973201, -0.226036, 0.0422852, 0.786694, 0.225225, 0.974033, 0.0231131, 2.17663, -0.0464115, -0.01297, 0.998838, 1.06197, 0, 0, 0, 1
1403715272535341327, 0.973177, -0.226116, 0.0424035, 0.786735, 0.22528, 0.974008, 0.0236147, 2.17679, -0.046641, -0.0134286, 0.998821, 1.062, 0, 0, 0, 1
1403715272545219600, 0.973293, -0.225599, 0.0425048, 0.786659, 0.224795, 0.974137, 0.0228789, 2.17676, -0.046567, -0.012713, 0.998834, 1.06195, 0, 0, 0, 1
1403715272555259490, 0.972972, -0.227103, 0.0418267, 0.786622, 0.226298, 0.973783, 0.0231274, 2.177, -0.0459825, -0.013037, 0.998857, 1.06206, 0, 0, 0, 1
1403715272565244437, 0.973239, -0.225846, 0.0424164, 0.786644, 0.22504, 0.974079, 0.0229704, 2.17674, -0.0465047, -0.0128104, 0.998836, 1.06191, 0, 0, 0, 1
1403715272575236319, 0.972964, -0.22711, 0.0419854, 0.786587, 0.226307, 0.973784, 0.0230338, 2.17697, -0.0461159, -0.0129095, 0.998853, 1.06205, 0, 0, 0, 1
1403715272585246205, 0.972994, -0.227047, 0.0416146, 0.786606, 0.22623, 0.973792, 0.0234551, 2.17699, -0.0458493, -0.0134072, 0.998858, 1.06206, 0, 0, 0, 1
1403715272595377966, 0.972989, -0.227055, 0.0417037, 0.786551, 0.22624, 0.973791, 0.0233824, 2.17697, -0.0459198, -0.0133158, 0.998856, 1.06204, 0, 0, 0, 1
1403715272605266705, 0.973188, -0.226036, 0.0425732, 0.786735, 0.225234, 0.974037, 0.0228441, 2.17662, -0.0466314, -0.0126427, 0.998832, 1.06196, 0, 0, 0, 1
1403715272615330697, 0.972998, -0.227005, 0.0417572, 0.786581, 0.226174, 0.973798, 0.0237202, 2.17699, -0.0460477, -0.0136353, 0.998846, 1.06211, 0, 0, 0, 1
1403715272625335539, 0.972941, -0.227193, 0.0420564, 0.786661, 0.22631, 0.973741, 0.0247308, 2.17708, -0.0465707, -0.0145438, 0.998809, 1.06216, 0, 0, 0, 1
1403715272635257728, 0.973306, -0.225591, 0.0422484, 0.786672, 0.224783, 0.974136, 0.0230581, 2.17676, -0.0463574, -0.0129459, 0.998841, 1.06197, 0, 0, 0, 1
1403715272645228649, 0.972958, -0.227168, 0.0418114, 0.786561, 0.226355, 0.973766, 0.0233116, 2.17697, -0.0460102, -0.013217, 0.998854, 1.06202, 0, 0, 0, 1
1403715272655236456, 0.973267, -0.22573, 0.042403, 0.786696, 0.224946, 0.974111, 0.0224977, 2.17673, -0.0463837, -0.0123579, 0.998847, 1.06196, 0, 0, 0, 1
1403715272665211155, 0.973266, -0.22572, 0.0424811, 0.786703, 0.224893, 0.974103, 0.0233937, 2.17679, -0.0466614, -0.0132146, 0.998823, 1.06195, 0, 0, 0, 1
1403715272675284119, 0.9732, -0.225973, 0.0426288, 0.786781, 0.225107, 0.974034, 0.0241842, 2.17686, -0.0469869, -0.0139401, 0.998798, 1.06207, 0, 0, 0, 1
1403715272685340453, 0.973266, -0.225728, 0.0424186, 0.786669, 0.224942, 0.974112, 0.0225367, 2.17672, -0.0464076, -0.0123925, 0.998846, 1.06195, 0, 0, 0, 1
1403715272695302836, 0.9729, -0.227411, 0.0418192, 0.786613, 0.226572, 0.973702, 0.0238788, 2.17699, -0.0461497, -0.0137567, 0.99884, 1.06203, 0, 0, 0, 1
1403715272705327822, 0.973292, -0.225629, 0.042365, 0.786653, 0.224835, 0.974132, 0.0227152, 2.1767, -0.0463943, -0.0125834, 0.998844, 1.06191, 0, 0, 0, 1
1403715272715287781, 0.973195, -0.226001, 0.0426066, 0.7867, 0.225153, 0.974033, 0.0238046, 2.17679, -0.04688, -0.0135735, 0.998808, 1.06206, 0, 0, 0, 1
1403715272725598804, 0.97326, -0.225783, 0.0422727, 0.786641, 0.224977, 0.974093, 0.0229903, 2.17672, -0.0463683, -0.0128651, 0.998842, 1.06196, 0, 0, 0, 1
1403715272735313975, 0.973267, -0.225786, 0.0420892, 0.786627, 0.224987, 0.974093, 0.0228949, 2.1767, -0.0461682, -0.0128134, 0.998851, 1.06195, 0, 0, 0, 1
1403715272745241069, 0.973257, -0.225819, 0.04216, 0.786636, 0.22502, 0.974085, 0.0228806, 2.17675, -0.0462344, -0.0127819, 0.998849, 1.06198, 0, 0, 0, 1
1403715272755374636, 0.973247, -0.225821, 0.0423676, 0.786709, 0.225008, 0.974082, 0.0231282, 2.17675, -0.0464924, -0.0129764, 0.998834, 1.06197, 0, 0, 0, 1
1403715272765227224, 0.973251, -0.22577, 0.0425574, 0.786669, 0.224951, 0.974094, 0.0232143, 2.17675, -0.046696, -0.01302, 0.998824, 1.06193, 0, 0, 0, 1
1403715272775232985, 0.972955, -0.227147, 0.0419893, 0.786664, 0.226327, 0.97377, 0.0234178, 2.17699, -0.0462072, -0.0132811, 0.998844, 1.06205, 0, 0, 0, 1
1403715272785302828, 0.97335, -0.225343, 0.0425409, 0.786667, 0.224542, 0.974197, 0.0228072, 2.17669, -0.0465827, -0.0126471, 0.998834, 1.06193, 0, 0, 0, 1
1403715272795680495, 0.973031, -0.226874, 0.0416858, 0.786609, 0.226081, 0.973839, 0.022913, 2.17695, -0.0457936, -0.0128707, 0.998868, 1.06204, 0, 0, 0, 1
1403715272805260464, 0.973257, -0.225763, 0.0424504, 0.786712, 0.224958, 0.974099, 0.0229243, 2.17677, -0.0465263, -0.0127617, 0.998836, 1.06199, 0, 0, 0, 1
1403715272815303334, 0.973198, -0.22596, 0.0427542, 0.786725, 0.225105, 0.974041, 0.0239172, 2.17681, -0.0470487, -0.013652, 0.998799, 1.06201, 0, 0, 0, 1
1403715272825261140, 0.973253, -0.225774, 0.0424749, 0.786732, 0.224937, 0.974087, 0.0236138, 2.17681, -0.0467057, -0.013428, 0.998818, 1.06201, 0, 0, 0, 1
1403715272835232544, 0.973205, -0.225992, 0.0424214, 0.786726, 0.225142, 0.974033, 0.0239131, 2.17681, -0.046724, -0.0137215, 0.998814, 1.06201, 0, 0, 0, 1
1403715272845237363, 0.973001, -0.22702, 0.0416106, 0.786564, 0.226213, 0.973801, 0.0232448, 2.17696, -0.0457975, -0.0132044, 0.998863, 1.06203, 0, 0, 0, 1
1403715272855410046, 0.973259, -0.225777, 0.0423294, 0.78666, 0.22495, 0.974088, 0.0234445, 2.17679, -0.0465258, -0.0132955, 0.998829, 1.06199, 0, 0, 0, 1
1403715272865275022, 0.973038, -0.226807, 0.0419022, 0.786559, 0.225999, 0.973852, 0.0231802, 2.17691, -0.0460639, -0.0130854, 0.998853, 1.06199, 0, 0, 0, 1
1403715272878775804, 0.973204, -0.225948, 0.0426786, 0.786688, 0.225123, 0.974052, 0.0233081, 2.17674, -0.0468376, -0.0130756, 0.998817, 1.062, 0, 0, 0, 1
1403715272885370348, 0.973277, -0.225714, 0.0422591, 0.786688, 0.22489, 0.974103, 0.0234038, 2.17681, -0.0464473, -0.0132748, 0.998833, 1.062, 0, 0, 0, 1
1403715272895279173, 0.972935, -0.227245, 0.041931, 0.786656, 0.226431, 0.973748, 0.0233036, 2.17696, -0.0461259, -0.0131784, 0.998849, 1.06203, 0, 0, 0, 1
1403715272905306571, 0.973259, -0.22579, 0.042257, 0.786667, 0.224973, 0.974088, 0.0232359, 2.1768, -0.0464085, -0.0131079, 0.998837, 1.06196, 0, 0, 0, 1
1403715272915187408, 0.973227, -0.225872, 0.0425565, 0.786711, 0.22501, 0.974058, 0.0241155, 2.17683, -0.0468996, -0.0138942, 0.998803, 1.06199, 0, 0, 0, 1
1403715272925352968, 0.972969, -0.227139, 0.0417007, 0.786651, 0.226313, 0.973768, 0.0236246, 2.177, -0.0459729, -0.0135485, 0.998851, 1.06209, 0, 0, 0, 1
1403715272935341000, 0.973245, -0.22582, 0.0424234, 0.786719, 0.224984, 0.974077, 0.0235997, 2.17677, -0.046653, -0.0134237, 0.998821, 1.06198, 0, 0, 0, 1
1403715272945256670, 0.973277, -0.225588, 0.0429244, 0.786736, 0.224742, 0.974131, 0.0236598, 2.1768, -0.0471514, -0.0133806, 0.998798, 1.062, 0, 0, 0, 1
1403715272955415468, 0.973205, -0.225982, 0.0424855, 0.78669, 0.225131, 0.974035, 0.0239094, 2.17679, -0.0467855, -0.0137039, 0.998811, 1.06205, 0, 0, 0, 1
1403715272965468445, 0.973201, -0.225936, 0.0428159, 0.786778, 0.225045, 0.974036, 0.0246622, 2.17692, -0.0472763, -0.0143658, 0.998779, 1.06208, 0, 0, 0, 1
1403715272975302743, 0.972908, -0.227314, 0.0421773, 0.786731, 0.226454, 0.973721, 0.0242192, 2.17705, -0.0465743, -0.0140118, 0.998817, 1.06212, 0, 0, 0, 1
1403715272985422323, 0.973206, -0.225944, 0.0426514, 0.786715, 0.225076, 0.97404, 0.024217, 2.17683, -0.0470159, -0.0139683, 0.998796, 1.06209, 0, 0, 0, 1
1403715272995140036, 0.973195, -0.226012, 0.0425492, 0.786741, 0.225138, 0.974022, 0.0243747, 2.17685, -0.0469529, -0.0141418, 0.998797, 1.06208, 0, 0, 0, 1
1403715273005316792, 0.973181, -0.226019, 0.0428379, 0.786757, 0.225142, 0.974021, 0.02436, 2.17683, -0.0472308, -0.0140621, 0.998785, 1.06203, 0, 0, 0, 1
1403715273015288529, 0.973204, -0.225938, 0.0427266, 0.786753, 0.225044, 0.974034, 0.0247622, 2.17691, -0.0472119, -0.0144834, 0.99878, 1.06209, 0, 0, 0, 1
1403715273025350415, 0.97318, -0.226048, 0.0426972, 0.786752, 0.22514, 0.974004, 0.0250504, 2.17686, -0.0472498, -0.0147657, 0.998774, 1.06213, 0, 0, 0, 1
1403715273035279734, 0.973225, -0.225871, 0.042612, 0.786739, 0.225039, 0.974067, 0.0234558, 2.17676, -0.0468049, -0.0132383, 0.998816, 1.06199, 0, 0, 0, 1
1403715273045526415, 0.973188, -0.22599, 0.0428136, 0.786725, 0.225093, 0.974022, 0.0247961, 2.17688, -0.047305, -0.0144943, 0.998775, 1.06208, 0, 0, 0, 1
1403715273055322872, 0.972873, -0.227482, 0.0420667, 0.786691, 0.226626, 0.973682, 0.0241833, 2.17701, -0.0464609, -0.0139939, 0.998822, 1.06209, 0, 0, 0, 1
1403715273065215458, 0.973245, -0.225782, 0.0426144, 0.786713, 0.22494, 0.974085, 0.0236719, 2.17679, -0.0468548, -0.0134529, 0.998811, 1.06199, 0, 0, 0, 1
1403715273075278242, 0.973022, -0.226853, 0.0420178, 0.786598, 0.226003, 0.97383, 0.0240344, 2.177, -0.0463705, -0.0138898, 0.998828, 1.06209, 0, 0, 0, 1
1403715273085209634, 0.972899, -0.227427, 0.0417692, 0.786609, 0.226624, 0.973708, 0.0231085, 2.17691, -0.0459265, -0.0130164, 0.99886, 1.06199, 0, 0, 0, 1
1403715273095213592, 0.973298, -0.225616, 0.0422933, 0.786688, 0.224774, 0.974121, 0.0237781, 2.17683, -0.0465635, -0.0136367, 0.998822, 1.06202, 0, 0, 0, 1
1403715273105442961, 0.972875, -0.227521, 0.0418053, 0.786662, 0.226685, 0.973677, 0.0238108, 2.17698, -0.0461223, -0.0136883, 0.998842, 1.06208, 0, 0, 0, 1
1403715273115372252, 0.972879, -0.227448, 0.0421087, 0.786639, 0.226583, 0.973688, 0.024345, 2.17701, -0.046538, -0.0141437, 0.998816, 1.06207, 0, 0, 0, 1
1403715273125271669, 0.97325, -0.225783, 0.0424933, 0.786729, 0.224959, 0.974089, 0.0233366, 2.17679, -0.0466613, -0.0131532, 0.998824, 1.06197, 0, 0, 0, 1
1403715273135305349, 0.973228, -0.225937, 0.0421869, 0.786619, 0.225148, 0.974061, 0.0226439, 2.17671, -0.0462087, -0.0125394, 0.998853, 1.0619, 0, 0, 0, 1
1403715273145321603, 0.973171, -0.226122, 0.0424985, 0.78671, 0.225278, 0.974005, 0.023773, 2.17667, -0.0467693, -0.0135612, 0.998814, 1.06205, 0, 0, 0, 1
1403715273155392268, 0.973265, -0.225702, 0.0425987, 0.78669, 0.224882, 0.974109, 0.0232103, 2.17676, -0.0467344, -0.0130101, 0.998823, 1.06195, 0, 0, 0, 1
1403715273165192013, 0.973205, -0.225947, 0.0426641, 0.786769, 0.225106, 0.974048, 0.0236393, 2.17683, -0.046898, -0.013402, 0.99881, 1.06202, 0, 0, 0, 1
1403715273175382662, 0.973271, -0.225719, 0.0423677, 0.786692, 0.224901, 0.974105, 0.0232219, 2.17676, -0.0465122, -0.0130727, 0.998832, 1.06194, 0, 0, 0, 1
1403715273185293691, 0.973252, -0.225798, 0.0423702, 0.786742, 0.224976, 0.974085, 0.0233297, 2.17678, -0.04654, -0.0131734, 0.99883, 1.06202, 0, 0, 0, 1
1403715273195271048, 0.973223, -0.225911, 0.0424418, 0.786731, 0.225047, 0.974047, 0.0242019, 2.17681, -0.0468078, -0.0140024, 0.998806, 1.06206, 0, 0, 0, 1
1403715273205452219, 0.973178, -0.226105, 0.0424343, 0.786728, 0.225247, 0.974004, 0.0240791, 2.17683, -0.0467755, -0.013875, 0.998809, 1.06203, 0, 0, 0, 1
1403715273215313103, 0.973274, -0.225664, 0.0425767, 0.786723, 0.224838, 0.974116, 0.0233508, 2.17675, -0.046744, -0.0131539, 0.99882, 1.06198, 0, 0, 0, 1
1403715273225311283, 0.97324, -0.225875, 0.0422332, 0.786652, 0.225095, 0.974078, 0.022461, 2.17666, -0.0462118, -0.0123534, 0.998855, 1.0619, 0, 0, 0, 1
1403715273235269559, 0.972956, -0.227161, 0.0418892, 0.786657, 0.226311, 0.973757, 0.0240937, 2.17707, -0.046263, -0.0139621, 0.998832, 1.0621, 0, 0, 0, 1
1403715273245532950, 0.973253, -0.225779, 0.0424549, 0.786705, 0.224977, 0.974096, 0.0228725, 2.17675, -0.0465193, -0.0127093, 0.998837, 1.06194, 0, 0, 0, 1
1403715273255403900, 0.973224, -0.225829, 0.0428448, 0.78674, 0.224979, 0.974073, 0.0237749, 2.17679, -0.047103, -0.0134991, 0.998799, 1.062, 0, 0, 0, 1
1403715273265227972, 0.973333, -0.225432, 0.0424651, 0.786659, 0.224637, 0.974178, 0.0227063, 2.17669, -0.0464873, -0.0125615, 0.99884, 1.06193, 0, 0, 0, 1
1403715273275291841, 0.973278, -0.225686, 0.0423861, 0.786721, 0.224849, 0.974107, 0.0236332, 2.17683, -0.0466223, -0.0134712, 0.998822, 1.06198, 0, 0, 0, 1
1403715273285369721, 0.973225, -0.225845, 0.0427347, 0.786754, 0.225005, 0.974072, 0.0235898, 2.17678, -0.0469543, -0.0133427, 0.998808, 1.06203, 0, 0, 0, 1
1403715273295282528, 0.973246, -0.225842, 0.042294, 0.786697, 0.225045, 0.974082, 0.0227886, 2.17672, -0.0463444, -0.0126609, 0.998845, 1.06194, 0, 0, 0, 1
1403715273305321850, 0.972945, -0.227152, 0.0422006, 0.786721, 0.226298, 0.97376, 0.0240868, 2.17702, -0.0465647, -0.0138853, 0.998819, 1.06212, 0, 0, 0, 1
1403715273315253921, 0.973249, -0.22578, 0.0425395, 0.786722, 0.224973, 0.974095, 0.0229394, 2.17673, -0.0466168, -0.0127555, 0.998831, 1.06194, 0, 0, 0, 1
1403715273325438370, 0.973007, -0.226949, 0.0418628, 0.7866, 0.226142, 0.973819, 0.0231534, 2.17694, -0.0460214, -0.0130615, 0.998855, 1.06202, 0, 0, 0, 1
1403715273335305587, 0.972893, -0.2274, 0.0420667, 0.786694, 0.226542, 0.973701, 0.0241958, 2.17704, -0.0464625, -0.0140101, 0.998822, 1.06209, 0, 0, 0, 1
1403715273345297009, 0.972954, -0.227166, 0.0419066, 0.786653, 0.22636, 0.973769, 0.0231333, 2.17696, -0.0460625, -0.0130216, 0.998854, 1.06202, 0, 0, 0, 1
1403715273355309393, 0.973212, -0.22592, 0.042644, 0.786686, 0.225049, 0.974045, 0.0242871, 2.17685, -0.0470241, -0.0140395, 0.998795, 1.06204, 0, 0, 0, 1
1403715273365270335, 0.972966, -0.227106, 0.0419594, 0.786684, 0.226314, 0.973787, 0.0228108, 2.17694, -0.04604, -0.0126981, 0.998859, 1.06202, 0, 0, 0, 1
1403715273375315210, 0.973206, -0.225901, 0.0428726, 0.786791, 0.225032, 0.974051, 0.02418, 2.17684, -0.0472224, -0.0138844, 0.998788, 1.06205, 0, 0, 0, 1
1403715273385295303, 0.973287, -0.225625, 0.0424902, 0.786721, 0.224809, 0.974128, 0.0231577, 2.17676, -0.0466159, -0.0129869, 0.998828, 1.06197, 0, 0, 0, 1
1403715273395198722, 0.973272, -0.225751, 0.0421699, 0.786678, 0.224938, 0.974097, 0.0231732, 2.17678, -0.046309, -0.0130682, 0.998842, 1.06198, 0, 0, 0, 1
1403715273405232335, 0.973056, -0.226688, 0.0421142, 0.786609, 0.225875, 0.973879, 0.0232298, 2.17691, -0.0462801, -0.0130913, 0.998843, 1.06197, 0, 0, 0, 1
1403715273415268461, 0.973313, -0.225519, 0.0424725, 0.786658, 0.224719, 0.974157, 0.0228068, 2.1767, -0.0465182, -0.0126538, 0.998837, 1.06191, 0, 0, 0, 1
1403715273425287051, 0.973026, -0.226801, 0.0422176, 0.786633, 0.225993, 0.973855, 0.0230823, 2.17694, -0.0463489, -0.0129188, 0.998842, 1.06199, 0, 0, 0, 1
1403715273435274370, 0.973274, -0.225639, 0.0427174, 0.786699, 0.224822, 0.974126, 0.0231002, 2.17672, -0.0468245, -0.012879, 0.99882, 1.06192, 0, 0, 0, 1
1403715273445208559, 0.97301, -0.226941, 0.0418234, 0.78663, 0.226133, 0.97382, 0.0231938, 2.17694, -0.0459921, -0.0131102, 0.998856, 1.06203, 0, 0, 0, 1
1403715273455355746, 0.973263, -0.225647, 0.0429362, 0.786744, 0.224795, 0.974116, 0.0237884, 2.17677, -0.0471926, -0.0135005, 0.998795, 1.06199, 0, 0, 0, 1
1403715273465290731, 0.973309, -0.225544, 0.0424266, 0.786715, 0.224737, 0.974148, 0.0229766, 2.17674, -0.0465121, -0.0128284, 0.998835, 1.06194, 0, 0, 0, 1
1403715273475316649, 0.972949, -0.227174, 0.0419827, 0.786724, 0.22634, 0.97376, 0.0237181, 2.17696, -0.0462692, -0.0135741, 0.998837, 1.0621, 0, 0, 0, 1
1403715273485387629, 0.973315, -0.225564, 0.0421665, 0.78665, 0.224743, 0.974138, 0.023355, 2.17675, -0.0463441, -0.0132551, 0.998838, 1.06199, 0, 0, 0, 1
1403715273495316123, 0.973035, -0.226794, 0.0420444, 0.786613, 0.225954, 0.973847, 0.0238108, 2.17699, -0.046345, -0.0136687, 0.998832, 1.06202, 0, 0, 0, 1
1403715273505489997, 0.973018, -0.226968, 0.0414885, 0.786604, 0.226162, 0.973813, 0.0232341, 2.17692, -0.0456754, -0.0132241, 0.998869, 1.06203, 0, 0, 0, 1
1403715273515326969, 0.97323, -0.225818, 0.0427618, 0.786785, 0.224956, 0.974072, 0.0240587, 2.17683, -0.047086, -0.0137951, 0.998796, 1.06205, 0, 0, 0, 1
1403715273525321552, 0.973251, -0.225768, 0.0425555, 0.786669, 0.22495, 0.974094, 0.0231822, 2.17675, -0.0466868, -0.0129892, 0.998825, 1.06193, 0, 0, 0, 1
1403715273535262062, 0.972972, -0.227124, 0.0417151, 0.786628, 0.226316, 0.973777, 0.0232262, 2.17695, -0.0458964, -0.0131576, 0.99886, 1.06202, 0, 0, 0, 1
1403715273545333369, 0.97325, -0.225766, 0.0426004, 0.7867, 0.224963, 0.974099, 0.022852, 2.17672, -0.0466563, -0.0126572, 0.998831, 1.06189, 0, 0, 0, 1
1403715273555402857, 0.972867, -0.2275, 0.0421013, 0.786683, 0.226632, 0.973674, 0.0244258, 2.17704, -0.0465498, -0.0142216, 0.998815, 1.06211, 0, 0, 0, 1
1403715273565318520, 0.97337, -0.225253, 0.0425725, 0.786686, 0.224444, 0.974216, 0.022993, 2.17673, -0.0466541, -0.0128255, 0.998829, 1.06194, 0, 0, 0, 1
1403715273575313847, 0.973272, -0.225607, 0.0429299, 0.786737, 0.224744, 0.974121, 0.0240382, 2.17678, -0.0472421, -0.0137475, 0.998789, 1.06202, 0, 0, 0, 1
1403715273585317758, 0.972854, -0.227589, 0.0419237, 0.786646, 0.226752, 0.973661, 0.0238133, 2.17699, -0.0462391, -0.0136606, 0.998837, 1.06206, 0, 0, 0, 1
1403715273595290900, 0.973192, -0.226098, 0.042148, 0.786665, 0.225274, 0.974014, 0.0234355, 2.17674, -0.0463515, -0.0133124, 0.998836, 1.06194, 0, 0, 0, 1
1403715273605326295, 0.973347, -0.225333, 0.0426678, 0.786747, 0.224454, 0.974178, 0.0244419, 2.1768, -0.0470736, -0.0142135, 0.99879, 1.06207, 0, 0, 0, 1
1403715273615428909, 0.973511, -0.22488, 0.041297, 0.786706, 0.224021, 0.974278, 0.0244334, 2.17679, -0.0457294, -0.0145348, 0.998848, 1.06212, 0, 0, 0, 1
1403715273625283213, 0.973263, -0.225774, 0.0422447, 0.786645, 0.224969, 0.974094, 0.0230073, 2.17657, -0.0463448, -0.0128884, 0.998842, 1.06195, 0, 0, 0, 1
1403715273635372656, 0.972847, -0.22762, 0.0419215, 0.786591, 0.226799, 0.973659, 0.0234396, 2.17694, -0.0461526, -0.0132954, 0.998846, 1.06206, 0, 0, 0, 1
1403715273645255460, 0.972863, -0.227584, 0.0417545, 0.786598, 0.226759, 0.973665, 0.0235858, 2.177, -0.0460226, -0.0134775, 0.998849, 1.06207, 0, 0, 0, 1
1403715273655364057, 0.973228, -0.225937, 0.0421755, 0.786609, 0.22512, 0.974053, 0.0232716, 2.17677, -0.0463391, -0.013154, 0.998839, 1.06192, 0, 0, 0, 1
1403715273665273945, 0.973344, -0.225427, 0.0422466, 0.786664, 0.224627, 0.974176, 0.0228715, 2.17667, -0.0463114, -0.0127721, 0.998845, 1.06195, 0, 0, 0, 1
1403715273675309074, 0.973329, -0.225367, 0.0428965, 0.786757, 0.224479, 0.974169, 0.0245562, 2.17683, -0.0473226, -0.0142719, 0.998778, 1.06204, 0, 0, 0, 1
1403715273685265053, 0.973314, -0.225507, 0.0425078, 0.786638, 0.224682, 0.974152, 0.0233512, 2.17676, -0.0466749, -0.0131773, 0.998823, 1.06196, 0, 0, 0, 1
1403715273695244877, 0.972994, -0.226936, 0.0422335, 0.786694, 0.226104, 0.973817, 0.0235962, 2.17668, -0.0464825, -0.0134098, 0.998829, 1.06199, 0, 0, 0, 1
1403715273705333621, 0.973091, -0.226472, 0.0424907, 0.78669, 0.225656, 0.973932, 0.0231695, 2.17676, -0.0466302, -0.0129577, 0.998828, 1.062, 0, 0, 0, 1
1403715273715337006, 0.973246, -0.225796, 0.0425357, 0.786722, 0.224986, 0.97409, 0.0230016, 2.17674, -0.0466273, -0.0128162, 0.99883, 1.06195, 0, 0, 0, 1
1403715273725386929, 0.973589, -0.224337, 0.0424002, 0.786642, 0.223508, 0.97442, 0.0234395, 2.17678, -0.0465739, -0.0133436, 0.998826, 1.06192, 0, 0, 0, 1
1403715273735184734, 0.973445, -0.224907, 0.0426748, 0.78671, 0.224057, 0.974285, 0.0238244, 2.17675, -0.0469357, -0.0136301, 0.998805, 1.06202, 0, 0, 0, 1
1403715273745200990, 0.973137, -0.226326, 0.0422122, 0.78662, 0.22552, 0.973966, 0.0230282, 2.17674, -0.0463251, -0.0128899, 0.998843, 1.06196, 0, 0, 0, 1
1403715273755291571, 0.972711, -0.228274, 0.0415164, 0.786584, 0.22743, 0.973496, 0.0240891, 2.17707, -0.0459149, -0.0139897, 0.998847, 1.06209, 0, 0, 0, 1
1403715273765359332, 0.972855, -0.227599, 0.0418624, 0.786657, 0.226739, 0.973652, 0.0243125, 2.17702, -0.0462929, -0.0141607, 0.998828, 1.06211, 0, 0, 0, 1
1403715273775290009, 0.973571, -0.224432, 0.0423018, 0.786626, 0.223607, 0.974399, 0.0233775, 2.17675, -0.0464654, -0.0133007, 0.998831, 1.06193, 0, 0, 0, 1
1403715273785217586, 0.973456, -0.224871, 0.04262, 0.786677, 0.224015, 0.974291, 0.0239556, 2.17675, -0.0469112, -0.0137722, 0.998804, 1.06203, 0, 0, 0, 1
1403715273795271490, 0.972931, -0.227208, 0.0422167, 0.786662, 0.226466, 0.973778, 0.0216569, 2.17682, -0.0460303, -0.01151, 0.998874, 1.06203, 0, 0, 0, 1
1403715273805382888, 0.973105, -0.226481, 0.0421045, 0.786668, 0.225664, 0.973926, 0.0232997, 2.17673, -0.0462836, -0.0131715, 0.998841, 1.06199, 0, 0, 0, 1
1403715273815270698, 0.9732, -0.226074, 0.0421023, 0.786625, 0.225245, 0.974017, 0.023556, 2.17679, -0.0463338, -0.0134414, 0.998836, 1.06195, 0, 0, 0, 1
1403715273825268227, 0.973361, -0.225288, 0.0425942, 0.786707, 0.224408, 0.974188, 0.0244782, 2.17682, -0.0470094, -0.0142676, 0.998793, 1.06205, 0, 0, 0, 1
1403715273835332489, 0.97349, -0.224941, 0.0414547, 0.786712, 0.224071, 0.974262, 0.0246014, 2.17684, -0.0459216, -0.0146604, 0.998837, 1.06221, 0, 0, 0, 1
1403715273845406565, 0.973417, -0.225161, 0.0419743, 0.786059, 0.224371, 0.974239, 0.0227232, 2.17667, -0.0460094, -0.0127014, 0.99886, 1.06197, 0, 0, 0, 1
1403715273855365843, 0.973155, -0.226241, 0.0422462, 0.786659, 0.225418, 0.973982, 0.0233747, 2.17677, -0.0464353, -0.0132242, 0.998834, 1.06197, 0, 0, 0, 1
1403715273865483081, 0.972872, -0.227612, 0.0413874, 0.786539, 0.226811, 0.973663, 0.0231877, 2.17696, -0.0455752, -0.0131715, 0.998874, 1.06201, 0, 0, 0, 1
1403715273875336469, 0.973009, -0.226935, 0.0418861, 0.786644, 0.226135, 0.973824, 0.0230053, 2.17694, -0.0460104, -0.0129124, 0.998858, 1.06201, 0, 0, 0, 1
1403715273885193074, 0.973405, -0.225158, 0.0422646, 0.786667, 0.22434, 0.974233, 0.0232722, 2.17674, -0.0464155, -0.0131716, 0.998835, 1.06199, 0, 0, 0, 1
1403715273895228149, 0.973531, -0.224438, 0.0431931, 0.786389, 0.223608, 0.974402, 0.0232225, 2.17665, -0.0472994, -0.0129495, 0.998797, 1.06192, 0, 0, 0, 1
1403715273905492945, 0.973416, -0.225092, 0.0423735, 0.78663, 0.224312, 0.97426, 0.02241, 2.17659, -0.0463271, -0.0123094, 0.99885, 1.06188, 0, 0, 0, 1
1403715273915302084, 0.973246, -0.225787, 0.0425739, 0.786757, 0.224922, 0.974077, 0.0241786, 2.17683, -0.0469295, -0.013956, 0.998801, 1.06205, 0, 0, 0, 1
1403715273925252157, 0.972893, -0.227461, 0.0417187, 0.786596, 0.226637, 0.973693, 0.0235996, 2.17696, -0.0459893, -0.0135049, 0.998851, 1.06205, 0, 0, 0, 1
1403715273935318116, 0.973049, -0.226707, 0.0421768, 0.786686, 0.225889, 0.973874, 0.0232968, 2.17665, -0.0463565, -0.0131417, 0.998839, 1.06197, 0, 0, 0, 1
1403715273945308286, 0.973028, -0.226811, 0.0420996, 0.786544, 0.225987, 0.973848, 0.023456, 2.17692, -0.0463186, -0.0133093, 0.998838, 1.06201, 0, 0, 0, 1
1403715273955367682, 0.973393, -0.225142, 0.0426367, 0.786679, 0.224272, 0.974224, 0.0242627, 2.17676, -0.0470003, -0.0140549, 0.998796, 1.062, 0, 0, 0, 1
1403715273965401532, 0.973449, -0.224877, 0.0427559, 0.786772, 0.223978, 0.974278, 0.0248107, 2.17686, -0.0472355, -0.0145755, 0.998777, 1.06209, 0, 0, 0, 1
1403715273975403224, 0.973026, -0.22613, 0.0456774, 0.787266, 0.22469, 0.973816, 0.0345895, 2.17766, -0.0523031, -0.0233932, 0.998357, 1.06299, 0, 0, 0, 1
1403715273985231764, 0.972708, -0.228102, 0.0425335, 0.786843, 0.227099, 0.973493, 0.0271494, 2.1773, -0.0475989, -0.0167491, 0.998726, 1.06241, 0, 0, 0, 1
1403715273995246865, 0.972598, -0.228192, 0.0445126, 0.786787, 0.227637, 0.973593, 0.0172442, 2.17618, -0.0472722, -0.00663899, 0.99886, 1.06229, 0, 0, 0, 1
1403715274005536319, 0.972526, -0.228642, 0.0437672, 0.786573, 0.228075, 0.973484, 0.0176218, 2.17647, -0.0466357, -0.00715549, 0.998886, 1.06236, 0, 0, 0, 1
1403715274015455537, 0.973521, -0.224272, 0.0442626, 0.786904, 0.223537, 0.97447, 0.020988, 2.17646, -0.0478396, -0.010538, 0.998799, 1.06211, 0, 0, 0, 1
1403715274025313637, 0.973349, -0.224916, 0.0447774, 0.786564, 0.224458, 0.974367, 0.0150649, 2.17609, -0.047018, -0.00461276, 0.998883, 1.06222, 0, 0, 0, 1
1403715274035252401, 0.972855, -0.227558, 0.0420737, 0.787032, 0.226502, 0.973596, 0.0284298, 2.17724, -0.0474323, -0.0181283, 0.99871, 1.06227, 0, 0, 0, 1
1403715274045383631, 0.972643, -0.228702, 0.0407537, 0.787081, 0.227606, 0.973297, 0.0298083, 2.17715, -0.0464827, -0.0197171, 0.998724, 1.06251, 0, 0, 0, 1
1403715274055327838, 0.972891, -0.227121, 0.0435888, 0.786961, 0.226271, 0.973779, 0.0235975, 2.17672, -0.0478053, -0.013095, 0.998771, 1.0623, 0, 0, 0, 1
1403715274065289685, 0.973225, -0.225673, 0.0436484, 0.787012, 0.22467, 0.974068, 0.026733, 2.17693, -0.0485495, -0.0162107, 0.998689, 1.06236, 0, 0, 0, 1
1403715274075451267, 0.973659, -0.224052, 0.0422845, 0.786801, 0.223101, 0.974447, 0.0260596, 2.17688, -0.0470427, -0.0159395, 0.998766, 1.06233, 0, 0, 0, 1
1403715274085285559, 0.972683, -0.228004, 0.0436005, 0.786984, 0.226982, 0.97352, 0.0271764, 2.17726, -0.0486423, -0.0165375, 0.998679, 1.06268, 0, 0, 0, 1
1403715274095286125, 0.972932, -0.227015, 0.0432243, 0.786887, 0.226105, 0.973783, 0.0249545, 2.17678, -0.0477561, -0.0145058, 0.998754, 1.0623, 0, 0, 0, 1
1403715274105374279, 0.972926, -0.227047, 0.043186, 0.786872, 0.22616, 0.973782, 0.0244885, 2.17673, -0.0476138, -0.0140586, 0.998767, 1.06227, 0, 0, 0, 1
1403715274115208676, 0.973003, -0.226945, 0.0419744, 0.78636, 0.22566, 0.973639, 0.033222, 2.17753, -0.0484075, -0.0228531, 0.998566, 1.06233, 0, 0, 0, 1
1403715274125274710, 0.973391, -0.224983, 0.0435129, 0.786917, 0.223997, 0.974232, 0.0264035, 2.17695, -0.048332, -0.0159541, 0.998704, 1.06238, 0, 0, 0, 1
1403715274135398565, 0.973078, -0.226436, 0.0429695, 0.787523, 0.224733, 0.973554, 0.0410783, 2.17828, -0.0511347, -0.0303157, 0.998232, 1.06292, 0, 0, 0, 1
1403715274145348359, 0.972752, -0.22801, 0.0420198, 0.787254, 0.227184, 0.973567, 0.0235479, 2.17659, -0.0462783, -0.01336, 0.998839, 1.0622, 0, 0, 0, 1
1403715274155363309, 0.972679, -0.228797, 0.0393431, 0.787223, 0.227443, 0.973123, 0.0360594, 2.17781, -0.046536, -0.0261259, 0.998575, 1.06265, 0, 0, 0, 1
1403715274165379196, 0.972852, -0.227332, 0.0433477, 0.786928, 0.22637, 0.973694, 0.0260115, 2.17708, -0.0481207, -0.0154927, 0.998721, 1.06256, 0, 0, 0, 1
1403715274175402637, 0.972696, -0.228382, 0.0412858, 0.786244, 0.227138, 0.973313, 0.0327187, 2.17767, -0.0476564, -0.0224478, 0.998612, 1.06247, 0, 0, 0, 1
1403715274185331761, 0.973262, -0.225534, 0.0435302, 0.786917, 0.224653, 0.974137, 0.0242397, 2.17682, -0.0478713, -0.0138123, 0.998758, 1.0623, 0, 0, 0, 1
1403715274195309293, 0.972947, -0.22629, 0.0465539, 0.787427, 0.225012, 0.973859, 0.0311262, 2.17725, -0.0523804, -0.0198089, 0.998431, 1.06309, 0, 0, 0, 1
1403715274205688431, 0.973062, -0.226738, 0.041717, 0.786927, 0.225808, 0.973829, 0.0258466, 2.17703, -0.0464856, -0.0157303, 0.998795, 1.06257, 0, 0, 0, 1
1403715274215339797, 0.972584, -0.228466, 0.0433928, 0.786982, 0.227469, 0.973419, 0.0267225, 2.17707, -0.0483445, -0.0161193, 0.998701, 1.06261, 0, 0, 0, 1
1403715274225302818, 0.972823, -0.227565, 0.0427717, 0.787111, 0.226587, 0.97363, 0.0265321, 2.17693, -0.0476815, -0.0161195, 0.998733, 1.06246, 0, 0, 0, 1
1403715274235317125, 0.973227, -0.225659, 0.043675, 0.786952, 0.224781, 0.97411, 0.0241332, 2.17677, -0.0479902, -0.0136698, 0.998754, 1.06231, 0, 0, 0, 1
1403715274245420181, 0.973267, -0.225428, 0.0439752, 0.787021, 0.224581, 0.974174, 0.0234044, 2.17668, -0.0481155, -0.0129028, 0.998758, 1.06232, 0, 0, 0, 1
1403715274255420891, 0.973111, -0.226401, 0.0424045, 0.786967, 0.225473, 0.973914, 0.0255725, 2.17695, -0.047088, -0.0153238, 0.998773, 1.06251, 0, 0, 0, 1
